(kicad_pcb (version 20171130) (host pcbnew "(5.0.1-3-g963ef8bb5)")

  (general
    (thickness 1.6)
    (drawings 7)
    (tracks 244)
    (zones 0)
    (modules 39)
    (nets 56)
  )

  (page A4)
  (layers
    (0 F.Cu signal)
    (31 B.Cu signal)
    (32 B.Adhes user)
    (33 F.Adhes user)
    (34 B.Paste user)
    (35 F.Paste user)
    (36 B.SilkS user)
    (37 F.SilkS user)
    (38 B.Mask user)
    (39 F.Mask user)
    (40 Dwgs.User user)
    (41 Cmts.User user)
    (42 Eco1.User user)
    (43 Eco2.User user)
    (44 Edge.Cuts user)
    (45 Margin user)
    (46 B.CrtYd user)
    (47 F.CrtYd user)
    (48 B.Fab user hide)
    (49 F.Fab user hide)
  )

  (setup
    (last_trace_width 0.5)
    (user_trace_width 0.2)
    (user_trace_width 0.5)
    (user_trace_width 1)
    (trace_clearance 0.2)
    (zone_clearance 0.3)
    (zone_45_only yes)
    (trace_min 0.2)
    (segment_width 0.2)
    (edge_width 0.15)
    (via_size 0.8)
    (via_drill 0.4)
    (via_min_size 0.3)
    (via_min_drill 0.2)
    (uvia_size 0.3)
    (uvia_drill 0.1)
    (uvias_allowed yes)
    (uvia_min_size 0.1)
    (uvia_min_drill 0.1)
    (pcb_text_width 0.3)
    (pcb_text_size 1.5 1.5)
    (mod_edge_width 0.15)
    (mod_text_size 0.5 0.5)
    (mod_text_width 0.12)
    (pad_size 1 1.8)
    (pad_drill 0)
    (pad_to_mask_clearance 0.2)
    (solder_mask_min_width 0.25)
    (aux_axis_origin 165.608 46.5074)
    (visible_elements 7FFFFF7F)
    (pcbplotparams
      (layerselection 0x010fc_ffffffff)
      (usegerberextensions true)
      (usegerberattributes true)
      (usegerberadvancedattributes true)
      (creategerberjobfile true)
      (excludeedgelayer true)
      (linewidth 0.100000)
      (plotframeref false)
      (viasonmask false)
      (mode 1)
      (useauxorigin false)
      (hpglpennumber 1)
      (hpglpenspeed 20)
      (hpglpendiameter 15.000000)
      (psnegative false)
      (psa4output false)
      (plotreference true)
      (plotvalue true)
      (plotinvisibletext false)
      (padsonsilk false)
      (subtractmaskfromsilk false)
      (outputformat 1)
      (mirror false)
      (drillshape 0)
      (scaleselection 1)
      (outputdirectory "pcbway_gerbers/"))
  )

  (net 0 "")
  (net 1 UA)
  (net 2 UN)
  (net 3 UB)
  (net 4 UC)
  (net 5 +5V)
  (net 6 +5V_ISO)
  (net 7 "Net-(D2-Pad1)")
  (net 8 /UN_IN)
  (net 9 "Net-(J1-Pad4)")
  (net 10 "Net-(J1-Pad2)")
  (net 11 VP_1)
  (net 12 VP_0)
  (net 13 GND_CPU)
  (net 14 3V3_CPU)
  (net 15 "Net-(D1-Pad1)")
  (net 16 "Net-(J2-Pad10)")
  (net 17 "Net-(J2-Pad29)")
  (net 18 I1N_0_N)
  (net 19 "Net-(J2-Pad13)")
  (net 20 "Net-(J2-Pad11)")
  (net 21 I1N_1_IN)
  (net 22 "Net-(J2-Pad27)")
  (net 23 "Net-(J2-Pad14)")
  (net 24 "Net-(J2-Pad16)")
  (net 25 I1P_1_IN)
  (net 26 "Net-(J2-Pad12)")
  (net 27 "Net-(J2-Pad5)")
  (net 28 "Net-(J2-Pad3)")
  (net 29 I1P_0_IN)
  (net 30 "Net-(J2-Pad28)")
  (net 31 "Net-(J2-Pad26)")
  (net 32 "Net-(U1-Pad3)")
  (net 33 "Net-(U2-Pad3)")
  (net 34 /ua_1)
  (net 35 /ub_1)
  (net 36 /ua_2)
  (net 37 /ub_2)
  (net 38 /ua_3)
  (net 39 /ub_3)
  (net 40 "Net-(J2-Pad17)")
  (net 41 "Net-(J2-Pad18)")
  (net 42 "Net-(J2-Pad21)")
  (net 43 "Net-(J2-Pad19)")
  (net 44 "Net-(J2-Pad20)")
  (net 45 "Net-(J2-Pad22)")
  (net 46 "Net-(J2-Pad36)")
  (net 47 GND_M)
  (net 48 3V3_M)
  (net 49 "Net-(J2-Pad9)")
  (net 50 "Net-(J2-Pad7)")
  (net 51 "Net-(J2-Pad4)")
  (net 52 "Net-(J2-Pad25)")
  (net 53 "Net-(J2-Pad23)")
  (net 54 "Net-(J2-Pad31)")
  (net 55 "Net-(J2-Pad32)")

  (net_class Default "This is the default net class."
    (clearance 0.2)
    (trace_width 0.25)
    (via_dia 0.8)
    (via_drill 0.4)
    (uvia_dia 0.3)
    (uvia_drill 0.1)
    (add_net /ub_1)
    (add_net /ub_2)
    (add_net /ub_3)
    (add_net 3V3_CPU)
    (add_net 3V3_M)
    (add_net GND_CPU)
    (add_net GND_M)
    (add_net I1N_0_N)
    (add_net I1N_1_IN)
    (add_net I1P_0_IN)
    (add_net I1P_1_IN)
    (add_net "Net-(D1-Pad1)")
    (add_net "Net-(D2-Pad1)")
    (add_net "Net-(J1-Pad2)")
    (add_net "Net-(J1-Pad4)")
    (add_net "Net-(J2-Pad10)")
    (add_net "Net-(J2-Pad11)")
    (add_net "Net-(J2-Pad12)")
    (add_net "Net-(J2-Pad13)")
    (add_net "Net-(J2-Pad14)")
    (add_net "Net-(J2-Pad16)")
    (add_net "Net-(J2-Pad17)")
    (add_net "Net-(J2-Pad18)")
    (add_net "Net-(J2-Pad19)")
    (add_net "Net-(J2-Pad20)")
    (add_net "Net-(J2-Pad21)")
    (add_net "Net-(J2-Pad22)")
    (add_net "Net-(J2-Pad23)")
    (add_net "Net-(J2-Pad25)")
    (add_net "Net-(J2-Pad26)")
    (add_net "Net-(J2-Pad27)")
    (add_net "Net-(J2-Pad28)")
    (add_net "Net-(J2-Pad29)")
    (add_net "Net-(J2-Pad3)")
    (add_net "Net-(J2-Pad31)")
    (add_net "Net-(J2-Pad32)")
    (add_net "Net-(J2-Pad36)")
    (add_net "Net-(J2-Pad4)")
    (add_net "Net-(J2-Pad5)")
    (add_net "Net-(J2-Pad7)")
    (add_net "Net-(J2-Pad9)")
    (add_net "Net-(U1-Pad3)")
    (add_net "Net-(U2-Pad3)")
    (add_net VP_0)
    (add_net VP_1)
  )

  (net_class AC ""
    (clearance 1)
    (trace_width 1)
    (via_dia 0.8)
    (via_drill 0.4)
    (uvia_dia 0.3)
    (uvia_drill 0.1)
    (add_net /UN_IN)
    (add_net /ua_1)
    (add_net /ua_2)
    (add_net /ua_3)
    (add_net UA)
    (add_net UB)
    (add_net UC)
    (add_net UN)
  )

  (net_class AC_LV ""
    (clearance 1)
    (trace_width 0.5)
    (via_dia 0.8)
    (via_drill 0.4)
    (uvia_dia 0.3)
    (uvia_drill 0.1)
  )

  (net_class PWR ""
    (clearance 0.3)
    (trace_width 0.5)
    (via_dia 0.8)
    (via_drill 0.4)
    (uvia_dia 0.3)
    (uvia_drill 0.1)
    (add_net +5V)
    (add_net +5V_ISO)
  )

  (module Capacitor_SMD:C_0805_2012Metric (layer B.Cu) (tedit 5B36C52B) (tstamp 5CDBE606)
    (at 162.6 61)
    (descr "Capacitor SMD 0805 (2012 Metric), square (rectangular) end terminal, IPC_7351 nominal, (Body size source: https://docs.google.com/spreadsheets/d/1BsfQQcO9C6DZCsRaXUlFlo91Tg2WpOkGARC1WS5S8t0/edit?usp=sharing), generated with kicad-footprint-generator")
    (tags capacitor)
    (path /59F735EE)
    (attr smd)
    (fp_text reference C3 (at 0 1.65) (layer B.SilkS)
      (effects (font (size 1 1) (thickness 0.15)) (justify mirror))
    )
    (fp_text value .033u (at 0 -1.65) (layer B.Fab)
      (effects (font (size 1 1) (thickness 0.15)) (justify mirror))
    )
    (fp_line (start -1 -0.6) (end -1 0.6) (layer B.Fab) (width 0.1))
    (fp_line (start -1 0.6) (end 1 0.6) (layer B.Fab) (width 0.1))
    (fp_line (start 1 0.6) (end 1 -0.6) (layer B.Fab) (width 0.1))
    (fp_line (start 1 -0.6) (end -1 -0.6) (layer B.Fab) (width 0.1))
    (fp_line (start -0.258578 0.71) (end 0.258578 0.71) (layer B.SilkS) (width 0.12))
    (fp_line (start -0.258578 -0.71) (end 0.258578 -0.71) (layer B.SilkS) (width 0.12))
    (fp_line (start -1.68 -0.95) (end -1.68 0.95) (layer B.CrtYd) (width 0.05))
    (fp_line (start -1.68 0.95) (end 1.68 0.95) (layer B.CrtYd) (width 0.05))
    (fp_line (start 1.68 0.95) (end 1.68 -0.95) (layer B.CrtYd) (width 0.05))
    (fp_line (start 1.68 -0.95) (end -1.68 -0.95) (layer B.CrtYd) (width 0.05))
    (fp_text user %R (at 0 0) (layer B.Fab)
      (effects (font (size 0.5 0.5) (thickness 0.08)) (justify mirror))
    )
    (pad 1 smd roundrect (at -0.9375 0) (size 0.975 1.4) (layers B.Cu B.Paste B.Mask) (roundrect_rratio 0.25)
      (net 12 VP_0))
    (pad 2 smd roundrect (at 0.9375 0) (size 0.975 1.4) (layers B.Cu B.Paste B.Mask) (roundrect_rratio 0.25)
      (net 47 GND_M))
    (model ${KISYS3DMOD}/Capacitor_SMD.3dshapes/C_0805_2012Metric.wrl
      (at (xyz 0 0 0))
      (scale (xyz 1 1 1))
      (rotate (xyz 0 0 0))
    )
  )

  (module hi-link_smps:HKLPM01 (layer F.Cu) (tedit 5A25E58C) (tstamp 5CDBE7DB)
    (at 144.2 67.05)
    (path /59F735D5)
    (fp_text reference U4 (at -15.24 -7.62) (layer F.SilkS)
      (effects (font (size 0.5 0.5) (thickness 0.12)) (justify left bottom))
    )
    (fp_text value Hi-Link_SMPS (at 1.74752 -0.70612) (layer F.SilkS)
      (effects (font (size 1.524 1.524) (thickness 0.15)))
    )
    (fp_line (start -13 -2.5) (end -12.5 -3) (layer F.SilkS) (width 0.2))
    (fp_line (start -12.5 -3) (end -12 -2) (layer F.SilkS) (width 0.2))
    (fp_line (start -12 -2) (end -11.5 -2.5) (layer F.SilkS) (width 0.2))
    (fp_line (start -13 2.5) (end -12.5 2) (layer F.SilkS) (width 0.2))
    (fp_line (start -12.5 2) (end -12 3) (layer F.SilkS) (width 0.2))
    (fp_line (start -12 3) (end -11.5 2.5) (layer F.SilkS) (width 0.2))
    (fp_line (start 13 7) (end 13 8) (layer F.SilkS) (width 0.2))
    (fp_line (start 13.5 7.5) (end 12.5 7.5) (layer F.SilkS) (width 0.2))
    (fp_line (start 13.5 -7.5) (end 12.5 -7.5) (layer F.SilkS) (width 0.2))
    (fp_line (start -17.2 -10.2) (end 17.2 -10.2) (layer F.CrtYd) (width 0.2))
    (fp_line (start 17.2 -10.2) (end 17.2 10.2) (layer F.CrtYd) (width 0.2))
    (fp_line (start -17.2 10.2) (end -17.2 -10.2) (layer F.CrtYd) (width 0.2))
    (fp_line (start -17.2 10.2) (end 17.2 10.2) (layer F.CrtYd) (width 0.2))
    (fp_line (start -16.9 9.9) (end 16.9 9.9) (layer F.SilkS) (width 0.2))
    (fp_line (start 16.9 9.9) (end 16.9 -9.9) (layer F.SilkS) (width 0.2))
    (fp_line (start 16.9 -9.9) (end -16.9 -9.9) (layer F.SilkS) (width 0.2))
    (fp_line (start -16.9 -9.9) (end -16.9 9.9) (layer F.SilkS) (width 0.2))
    (pad 4 thru_hole rect (at 14.7 7.7) (size 1.308 1.308) (drill 0.8) (layers *.Cu *.Mask)
      (net 5 +5V))
    (pad 3 thru_hole rect (at 14.7 -7.7) (size 1.308 1.308) (drill 0.8) (layers *.Cu *.Mask)
      (net 13 GND_CPU))
    (pad 2 thru_hole rect (at -14.7 2.5) (size 1.308 1.308) (drill 0.8) (layers *.Cu *.Mask)
      (net 8 /UN_IN))
    (pad 1 thru_hole rect (at -14.7 -2.5) (size 1.308 1.308) (drill 0.8) (layers *.Cu *.Mask)
      (net 4 UC))
    (model ${KIPRJMOD}/hi-link.3dshapes/hilink.step
      (offset (xyz -18.99999971464863 -11.49999982728733 0))
      (scale (xyz 1 1 1))
      (rotate (xyz 0 0 0))
    )
  )

  (module hi-link_smps:SIP4 (layer F.Cu) (tedit 5A25E7F3) (tstamp 5CDBE7EF)
    (at 133.45 51.8)
    (path /59F735E9)
    (fp_text reference U5 (at 0 2.5) (layer F.SilkS)
      (effects (font (size 0.5 0.5) (thickness 0.12)))
    )
    (fp_text value dc-dc (at 0 0) (layer F.SilkS) hide
      (effects (font (size 0.762 0.762) (thickness 0.1524)))
    )
    (fp_text user O+ (at 3.81 -2.54 90) (layer F.SilkS)
      (effects (font (size 1 1) (thickness 0.15)))
    )
    (fp_text user O- (at 1.27 -2.54 90) (layer F.SilkS)
      (effects (font (size 1 1) (thickness 0.15)))
    )
    (fp_text user I+ (at -1.27 -2.54 90) (layer F.SilkS)
      (effects (font (size 1 1) (thickness 0.15)))
    )
    (fp_text user I- (at -3.81 -2.54 90) (layer F.SilkS)
      (effects (font (size 1 1) (thickness 0.15)))
    )
    (fp_line (start 6 -5.5) (end 6 1.5) (layer F.CrtYd) (width 0.2))
    (fp_line (start 6 1.5) (end -6 1.5) (layer F.CrtYd) (width 0.2))
    (fp_line (start -6 1.5) (end -6 -5.5) (layer F.CrtYd) (width 0.2))
    (fp_line (start -6 -5.5) (end 6 -5.5) (layer F.CrtYd) (width 0.2))
    (fp_line (start -5.75 1.25) (end -5.75 -5.25) (layer F.SilkS) (width 0.2))
    (fp_line (start -5.75 -5.25) (end 5.75 -5.25) (layer F.SilkS) (width 0.2))
    (fp_line (start 5.75 -5.25) (end 5.75 1.25) (layer F.SilkS) (width 0.2))
    (fp_line (start 5.75 1.25) (end -5.75 1.25) (layer F.SilkS) (width 0.2))
    (pad 4 thru_hole circle (at 3.81 0) (size 1.8 1.8) (drill 0.9) (layers *.Cu *.Mask F.SilkS)
      (net 6 +5V_ISO))
    (pad 3 thru_hole circle (at 1.27 0) (size 1.8 1.8) (drill 0.9) (layers *.Cu *.Mask F.SilkS)
      (net 47 GND_M))
    (pad 2 thru_hole circle (at -1.27 0) (size 1.8 1.8) (drill 0.9) (layers *.Cu *.Mask F.SilkS)
      (net 5 +5V))
    (pad 1 thru_hole rect (at -3.81 0) (size 1.8 1.8) (drill 0.9) (layers *.Cu *.Mask F.SilkS)
      (net 13 GND_CPU))
    (model ${KIPRJMOD}/dc-dc.3dshapes/PCSA1-S5-S5-S.stp
      (offset (xyz 0 4.29999993542048 0))
      (scale (xyz 1 1 1))
      (rotate (xyz -90 0 0))
    )
  )

  (module Connectors_Phoenix:PhoenixContact_MC-G_06x5.08mm_Angled (layer F.Cu) (tedit 59566E60) (tstamp 5CE88A2B)
    (at 110.9 49.6 270)
    (descr "Generic Phoenix Contact connector footprint for series: MC-G; number of pins: 06; pin pitch: 5.08mm; Angled || order number: 1836228 8A 320V")
    (tags "phoenix_contact connector MC_01x06_G_5.08mm")
    (path /59F735DC)
    (fp_text reference J1 (at 12.7 -2.8 270) (layer F.SilkS)
      (effects (font (size 1 1) (thickness 0.15)))
    )
    (fp_text value CONN_01X06 (at 12.7 9 270) (layer F.Fab)
      (effects (font (size 1 1) (thickness 0.15)))
    )
    (fp_text user %R (at 12.7 3 270) (layer F.Fab)
      (effects (font (size 1 1) (thickness 0.15)))
    )
    (fp_line (start 0 0) (end -0.8 -1.2) (layer F.Fab) (width 0.1))
    (fp_line (start 0.8 -1.2) (end 0 0) (layer F.Fab) (width 0.1))
    (fp_line (start -0.3 -2.6) (end 0.3 -2.6) (layer F.SilkS) (width 0.12))
    (fp_line (start 0 -2) (end -0.3 -2.6) (layer F.SilkS) (width 0.12))
    (fp_line (start 0.3 -2.6) (end 0 -2) (layer F.SilkS) (width 0.12))
    (fp_line (start 28.44 -2.3) (end -3.12 -2.3) (layer F.CrtYd) (width 0.05))
    (fp_line (start 28.44 8.5) (end 28.44 -2.3) (layer F.CrtYd) (width 0.05))
    (fp_line (start -3.12 8.5) (end 28.44 8.5) (layer F.CrtYd) (width 0.05))
    (fp_line (start -3.12 -2.3) (end -3.12 8.5) (layer F.CrtYd) (width 0.05))
    (fp_line (start -2.62 4.8) (end 28.02 4.8) (layer F.SilkS) (width 0.12))
    (fp_line (start 27.94 -1.2) (end -2.54 -1.2) (layer F.Fab) (width 0.1))
    (fp_line (start 27.94 8) (end 27.94 -1.2) (layer F.Fab) (width 0.1))
    (fp_line (start -2.54 8) (end 27.94 8) (layer F.Fab) (width 0.1))
    (fp_line (start -2.54 -1.2) (end -2.54 8) (layer F.Fab) (width 0.1))
    (fp_line (start 21.37 -1.28) (end 24.35 -1.28) (layer F.SilkS) (width 0.12))
    (fp_line (start 16.29 -1.28) (end 19.27 -1.28) (layer F.SilkS) (width 0.12))
    (fp_line (start 11.21 -1.28) (end 14.19 -1.28) (layer F.SilkS) (width 0.12))
    (fp_line (start 6.13 -1.28) (end 9.11 -1.28) (layer F.SilkS) (width 0.12))
    (fp_line (start 1.05 -1.28) (end 4.03 -1.28) (layer F.SilkS) (width 0.12))
    (fp_line (start 28.02 -1.28) (end 26.45 -1.28) (layer F.SilkS) (width 0.12))
    (fp_line (start -2.62 -1.28) (end -1.05 -1.28) (layer F.SilkS) (width 0.12))
    (fp_line (start 28.02 8.08) (end 28.02 -1.28) (layer F.SilkS) (width 0.12))
    (fp_line (start -2.62 8.08) (end 28.02 8.08) (layer F.SilkS) (width 0.12))
    (fp_line (start -2.62 -1.28) (end -2.62 8.08) (layer F.SilkS) (width 0.12))
    (pad 6 thru_hole oval (at 25.4 0 270) (size 1.8 3.6) (drill 1.2) (layers *.Cu *.Mask)
      (net 2 UN))
    (pad 5 thru_hole oval (at 20.32 0 270) (size 1.8 3.6) (drill 1.2) (layers *.Cu *.Mask)
      (net 4 UC))
    (pad 4 thru_hole oval (at 15.24 0 270) (size 1.8 3.6) (drill 1.2) (layers *.Cu *.Mask)
      (net 9 "Net-(J1-Pad4)"))
    (pad 3 thru_hole oval (at 10.16 0 270) (size 1.8 3.6) (drill 1.2) (layers *.Cu *.Mask)
      (net 3 UB))
    (pad 2 thru_hole oval (at 5.08 0 270) (size 1.8 3.6) (drill 1.2) (layers *.Cu *.Mask)
      (net 10 "Net-(J1-Pad2)"))
    (pad 1 thru_hole rect (at 0 0 270) (size 1.8 3.6) (drill 1.2) (layers *.Cu *.Mask)
      (net 1 UA))
    (model ${KISYS3DMOD}/Connectors_Phoenix.3dshapes/PhoenixContact_MC-G_06x5.08mm_Angled.wrl
      (at (xyz 0 0 0))
      (scale (xyz 1 1 1))
      (rotate (xyz 0 0 0))
    )
  )

  (module Capacitor_SMD:C_0805_2012Metric (layer B.Cu) (tedit 5B36C52B) (tstamp 5C93925C)
    (at 162.8 72.25)
    (descr "Capacitor SMD 0805 (2012 Metric), square (rectangular) end terminal, IPC_7351 nominal, (Body size source: https://docs.google.com/spreadsheets/d/1BsfQQcO9C6DZCsRaXUlFlo91Tg2WpOkGARC1WS5S8t0/edit?usp=sharing), generated with kicad-footprint-generator")
    (tags capacitor)
    (path /59F735EF)
    (attr smd)
    (fp_text reference C1 (at 0 1.65) (layer B.SilkS)
      (effects (font (size 1 1) (thickness 0.15)) (justify mirror))
    )
    (fp_text value .033u (at 0 -1.65) (layer B.Fab)
      (effects (font (size 1 1) (thickness 0.15)) (justify mirror))
    )
    (fp_line (start -1 -0.6) (end -1 0.6) (layer B.Fab) (width 0.1))
    (fp_line (start -1 0.6) (end 1 0.6) (layer B.Fab) (width 0.1))
    (fp_line (start 1 0.6) (end 1 -0.6) (layer B.Fab) (width 0.1))
    (fp_line (start 1 -0.6) (end -1 -0.6) (layer B.Fab) (width 0.1))
    (fp_line (start -0.258578 0.71) (end 0.258578 0.71) (layer B.SilkS) (width 0.12))
    (fp_line (start -0.258578 -0.71) (end 0.258578 -0.71) (layer B.SilkS) (width 0.12))
    (fp_line (start -1.68 -0.95) (end -1.68 0.95) (layer B.CrtYd) (width 0.05))
    (fp_line (start -1.68 0.95) (end 1.68 0.95) (layer B.CrtYd) (width 0.05))
    (fp_line (start 1.68 0.95) (end 1.68 -0.95) (layer B.CrtYd) (width 0.05))
    (fp_line (start 1.68 -0.95) (end -1.68 -0.95) (layer B.CrtYd) (width 0.05))
    (fp_text user %R (at 0 0) (layer B.Fab)
      (effects (font (size 0.5 0.5) (thickness 0.08)) (justify mirror))
    )
    (pad 1 smd roundrect (at -0.9375 0) (size 0.975 1.4) (layers B.Cu B.Paste B.Mask) (roundrect_rratio 0.25)
      (net 11 VP_1))
    (pad 2 smd roundrect (at 0.9375 0) (size 0.975 1.4) (layers B.Cu B.Paste B.Mask) (roundrect_rratio 0.25)
      (net 47 GND_M))
    (model ${KISYS3DMOD}/Capacitor_SMD.3dshapes/C_0805_2012Metric.wrl
      (at (xyz 0 0 0))
      (scale (xyz 1 1 1))
      (rotate (xyz 0 0 0))
    )
  )

  (module Capacitor_SMD:C_0805_2012Metric (layer F.Cu) (tedit 5B36C52B) (tstamp 5CDBE617)
    (at 141.7 48.55)
    (descr "Capacitor SMD 0805 (2012 Metric), square (rectangular) end terminal, IPC_7351 nominal, (Body size source: https://docs.google.com/spreadsheets/d/1BsfQQcO9C6DZCsRaXUlFlo91Tg2WpOkGARC1WS5S8t0/edit?usp=sharing), generated with kicad-footprint-generator")
    (tags capacitor)
    (path /5C8F1939)
    (attr smd)
    (fp_text reference C4 (at 0 -1.65) (layer F.SilkS)
      (effects (font (size 1 1) (thickness 0.15)))
    )
    (fp_text value 1u (at 0 1.65) (layer F.Fab)
      (effects (font (size 1 1) (thickness 0.15)))
    )
    (fp_text user %R (at 0 0) (layer F.Fab)
      (effects (font (size 0.5 0.5) (thickness 0.08)))
    )
    (fp_line (start 1.68 0.95) (end -1.68 0.95) (layer F.CrtYd) (width 0.05))
    (fp_line (start 1.68 -0.95) (end 1.68 0.95) (layer F.CrtYd) (width 0.05))
    (fp_line (start -1.68 -0.95) (end 1.68 -0.95) (layer F.CrtYd) (width 0.05))
    (fp_line (start -1.68 0.95) (end -1.68 -0.95) (layer F.CrtYd) (width 0.05))
    (fp_line (start -0.258578 0.71) (end 0.258578 0.71) (layer F.SilkS) (width 0.12))
    (fp_line (start -0.258578 -0.71) (end 0.258578 -0.71) (layer F.SilkS) (width 0.12))
    (fp_line (start 1 0.6) (end -1 0.6) (layer F.Fab) (width 0.1))
    (fp_line (start 1 -0.6) (end 1 0.6) (layer F.Fab) (width 0.1))
    (fp_line (start -1 -0.6) (end 1 -0.6) (layer F.Fab) (width 0.1))
    (fp_line (start -1 0.6) (end -1 -0.6) (layer F.Fab) (width 0.1))
    (pad 2 smd roundrect (at 0.9375 0) (size 0.975 1.4) (layers F.Cu F.Paste F.Mask) (roundrect_rratio 0.25)
      (net 47 GND_M))
    (pad 1 smd roundrect (at -0.9375 0) (size 0.975 1.4) (layers F.Cu F.Paste F.Mask) (roundrect_rratio 0.25)
      (net 6 +5V_ISO))
    (model ${KISYS3DMOD}/Capacitor_SMD.3dshapes/C_0805_2012Metric.wrl
      (at (xyz 0 0 0))
      (scale (xyz 1 1 1))
      (rotate (xyz 0 0 0))
    )
  )

  (module Capacitor_SMD:C_0805_2012Metric (layer F.Cu) (tedit 5B36C52B) (tstamp 5CDBE628)
    (at 160.45 54.55 180)
    (descr "Capacitor SMD 0805 (2012 Metric), square (rectangular) end terminal, IPC_7351 nominal, (Body size source: https://docs.google.com/spreadsheets/d/1BsfQQcO9C6DZCsRaXUlFlo91Tg2WpOkGARC1WS5S8t0/edit?usp=sharing), generated with kicad-footprint-generator")
    (tags capacitor)
    (path /5C8FDCF0)
    (attr smd)
    (fp_text reference C5 (at 0 -1.65 180) (layer F.SilkS)
      (effects (font (size 1 1) (thickness 0.15)))
    )
    (fp_text value 1u (at 0 1.65 180) (layer F.Fab)
      (effects (font (size 1 1) (thickness 0.15)))
    )
    (fp_text user %R (at 0 0 180) (layer F.Fab)
      (effects (font (size 0.5 0.5) (thickness 0.08)))
    )
    (fp_line (start 1.68 0.95) (end -1.68 0.95) (layer F.CrtYd) (width 0.05))
    (fp_line (start 1.68 -0.95) (end 1.68 0.95) (layer F.CrtYd) (width 0.05))
    (fp_line (start -1.68 -0.95) (end 1.68 -0.95) (layer F.CrtYd) (width 0.05))
    (fp_line (start -1.68 0.95) (end -1.68 -0.95) (layer F.CrtYd) (width 0.05))
    (fp_line (start -0.258578 0.71) (end 0.258578 0.71) (layer F.SilkS) (width 0.12))
    (fp_line (start -0.258578 -0.71) (end 0.258578 -0.71) (layer F.SilkS) (width 0.12))
    (fp_line (start 1 0.6) (end -1 0.6) (layer F.Fab) (width 0.1))
    (fp_line (start 1 -0.6) (end 1 0.6) (layer F.Fab) (width 0.1))
    (fp_line (start -1 -0.6) (end 1 -0.6) (layer F.Fab) (width 0.1))
    (fp_line (start -1 0.6) (end -1 -0.6) (layer F.Fab) (width 0.1))
    (pad 2 smd roundrect (at 0.9375 0 180) (size 0.975 1.4) (layers F.Cu F.Paste F.Mask) (roundrect_rratio 0.25)
      (net 13 GND_CPU))
    (pad 1 smd roundrect (at -0.9375 0 180) (size 0.975 1.4) (layers F.Cu F.Paste F.Mask) (roundrect_rratio 0.25)
      (net 5 +5V))
    (model ${KISYS3DMOD}/Capacitor_SMD.3dshapes/C_0805_2012Metric.wrl
      (at (xyz 0 0 0))
      (scale (xyz 1 1 1))
      (rotate (xyz 0 0 0))
    )
  )

  (module Capacitor_SMD:C_0805_2012Metric (layer F.Cu) (tedit 5B36C52B) (tstamp 5CDBE639)
    (at 145.7 48.55 180)
    (descr "Capacitor SMD 0805 (2012 Metric), square (rectangular) end terminal, IPC_7351 nominal, (Body size source: https://docs.google.com/spreadsheets/d/1BsfQQcO9C6DZCsRaXUlFlo91Tg2WpOkGARC1WS5S8t0/edit?usp=sharing), generated with kicad-footprint-generator")
    (tags capacitor)
    (path /5C8F8CF8)
    (attr smd)
    (fp_text reference C6 (at 0 -1.65 180) (layer F.SilkS)
      (effects (font (size 1 1) (thickness 0.15)))
    )
    (fp_text value 1u (at 0 1.65 180) (layer F.Fab)
      (effects (font (size 1 1) (thickness 0.15)))
    )
    (fp_line (start -1 0.6) (end -1 -0.6) (layer F.Fab) (width 0.1))
    (fp_line (start -1 -0.6) (end 1 -0.6) (layer F.Fab) (width 0.1))
    (fp_line (start 1 -0.6) (end 1 0.6) (layer F.Fab) (width 0.1))
    (fp_line (start 1 0.6) (end -1 0.6) (layer F.Fab) (width 0.1))
    (fp_line (start -0.258578 -0.71) (end 0.258578 -0.71) (layer F.SilkS) (width 0.12))
    (fp_line (start -0.258578 0.71) (end 0.258578 0.71) (layer F.SilkS) (width 0.12))
    (fp_line (start -1.68 0.95) (end -1.68 -0.95) (layer F.CrtYd) (width 0.05))
    (fp_line (start -1.68 -0.95) (end 1.68 -0.95) (layer F.CrtYd) (width 0.05))
    (fp_line (start 1.68 -0.95) (end 1.68 0.95) (layer F.CrtYd) (width 0.05))
    (fp_line (start 1.68 0.95) (end -1.68 0.95) (layer F.CrtYd) (width 0.05))
    (fp_text user %R (at 0 0 180) (layer F.Fab)
      (effects (font (size 0.5 0.5) (thickness 0.08)))
    )
    (pad 1 smd roundrect (at -0.9375 0 180) (size 0.975 1.4) (layers F.Cu F.Paste F.Mask) (roundrect_rratio 0.25)
      (net 48 3V3_M))
    (pad 2 smd roundrect (at 0.9375 0 180) (size 0.975 1.4) (layers F.Cu F.Paste F.Mask) (roundrect_rratio 0.25)
      (net 47 GND_M))
    (model ${KISYS3DMOD}/Capacitor_SMD.3dshapes/C_0805_2012Metric.wrl
      (at (xyz 0 0 0))
      (scale (xyz 1 1 1))
      (rotate (xyz 0 0 0))
    )
  )

  (module Capacitor_SMD:C_0805_2012Metric (layer F.Cu) (tedit 5B36C52B) (tstamp 5CDBE64A)
    (at 156.45 54.55)
    (descr "Capacitor SMD 0805 (2012 Metric), square (rectangular) end terminal, IPC_7351 nominal, (Body size source: https://docs.google.com/spreadsheets/d/1BsfQQcO9C6DZCsRaXUlFlo91Tg2WpOkGARC1WS5S8t0/edit?usp=sharing), generated with kicad-footprint-generator")
    (tags capacitor)
    (path /5C8FDD05)
    (attr smd)
    (fp_text reference C7 (at 0 -1.65) (layer F.SilkS)
      (effects (font (size 1 1) (thickness 0.15)))
    )
    (fp_text value 1u (at 0 1.65) (layer F.Fab)
      (effects (font (size 1 1) (thickness 0.15)))
    )
    (fp_line (start -1 0.6) (end -1 -0.6) (layer F.Fab) (width 0.1))
    (fp_line (start -1 -0.6) (end 1 -0.6) (layer F.Fab) (width 0.1))
    (fp_line (start 1 -0.6) (end 1 0.6) (layer F.Fab) (width 0.1))
    (fp_line (start 1 0.6) (end -1 0.6) (layer F.Fab) (width 0.1))
    (fp_line (start -0.258578 -0.71) (end 0.258578 -0.71) (layer F.SilkS) (width 0.12))
    (fp_line (start -0.258578 0.71) (end 0.258578 0.71) (layer F.SilkS) (width 0.12))
    (fp_line (start -1.68 0.95) (end -1.68 -0.95) (layer F.CrtYd) (width 0.05))
    (fp_line (start -1.68 -0.95) (end 1.68 -0.95) (layer F.CrtYd) (width 0.05))
    (fp_line (start 1.68 -0.95) (end 1.68 0.95) (layer F.CrtYd) (width 0.05))
    (fp_line (start 1.68 0.95) (end -1.68 0.95) (layer F.CrtYd) (width 0.05))
    (fp_text user %R (at 0 0) (layer F.Fab)
      (effects (font (size 0.5 0.5) (thickness 0.08)))
    )
    (pad 1 smd roundrect (at -0.9375 0) (size 0.975 1.4) (layers F.Cu F.Paste F.Mask) (roundrect_rratio 0.25)
      (net 14 3V3_CPU))
    (pad 2 smd roundrect (at 0.9375 0) (size 0.975 1.4) (layers F.Cu F.Paste F.Mask) (roundrect_rratio 0.25)
      (net 13 GND_CPU))
    (model ${KISYS3DMOD}/Capacitor_SMD.3dshapes/C_0805_2012Metric.wrl
      (at (xyz 0 0 0))
      (scale (xyz 1 1 1))
      (rotate (xyz 0 0 0))
    )
  )

  (module Capacitor_SMD:C_0805_2012Metric (layer F.Cu) (tedit 5B36C52B) (tstamp 5CDBE65B)
    (at 149.2 49.55 90)
    (descr "Capacitor SMD 0805 (2012 Metric), square (rectangular) end terminal, IPC_7351 nominal, (Body size source: https://docs.google.com/spreadsheets/d/1BsfQQcO9C6DZCsRaXUlFlo91Tg2WpOkGARC1WS5S8t0/edit?usp=sharing), generated with kicad-footprint-generator")
    (tags capacitor)
    (path /5C8F08AF)
    (attr smd)
    (fp_text reference D1 (at 0 -1.65 90) (layer F.SilkS)
      (effects (font (size 1 1) (thickness 0.15)))
    )
    (fp_text value IND_LED (at 0 1.65 90) (layer F.Fab)
      (effects (font (size 1 1) (thickness 0.15)))
    )
    (fp_line (start -1 0.6) (end -1 -0.6) (layer F.Fab) (width 0.1))
    (fp_line (start -1 -0.6) (end 1 -0.6) (layer F.Fab) (width 0.1))
    (fp_line (start 1 -0.6) (end 1 0.6) (layer F.Fab) (width 0.1))
    (fp_line (start 1 0.6) (end -1 0.6) (layer F.Fab) (width 0.1))
    (fp_line (start -0.258578 -0.71) (end 0.258578 -0.71) (layer F.SilkS) (width 0.12))
    (fp_line (start -0.258578 0.71) (end 0.258578 0.71) (layer F.SilkS) (width 0.12))
    (fp_line (start -1.68 0.95) (end -1.68 -0.95) (layer F.CrtYd) (width 0.05))
    (fp_line (start -1.68 -0.95) (end 1.68 -0.95) (layer F.CrtYd) (width 0.05))
    (fp_line (start 1.68 -0.95) (end 1.68 0.95) (layer F.CrtYd) (width 0.05))
    (fp_line (start 1.68 0.95) (end -1.68 0.95) (layer F.CrtYd) (width 0.05))
    (fp_text user %R (at 0 0 90) (layer F.Fab)
      (effects (font (size 0.5 0.5) (thickness 0.08)))
    )
    (pad 1 smd roundrect (at -0.9375 0 90) (size 0.975 1.4) (layers F.Cu F.Paste F.Mask) (roundrect_rratio 0.25)
      (net 15 "Net-(D1-Pad1)"))
    (pad 2 smd roundrect (at 0.9375 0 90) (size 0.975 1.4) (layers F.Cu F.Paste F.Mask) (roundrect_rratio 0.25)
      (net 48 3V3_M))
    (model ${KISYS3DMOD}/Capacitor_SMD.3dshapes/C_0805_2012Metric.wrl
      (at (xyz 0 0 0))
      (scale (xyz 1 1 1))
      (rotate (xyz 0 0 0))
    )
  )

  (module Capacitor_SMD:C_0805_2012Metric (layer F.Cu) (tedit 5B36C52B) (tstamp 5CDBE66C)
    (at 152.45 49.05 90)
    (descr "Capacitor SMD 0805 (2012 Metric), square (rectangular) end terminal, IPC_7351 nominal, (Body size source: https://docs.google.com/spreadsheets/d/1BsfQQcO9C6DZCsRaXUlFlo91Tg2WpOkGARC1WS5S8t0/edit?usp=sharing), generated with kicad-footprint-generator")
    (tags capacitor)
    (path /5C910871)
    (attr smd)
    (fp_text reference D2 (at 0 -1.65 90) (layer F.SilkS)
      (effects (font (size 1 1) (thickness 0.15)))
    )
    (fp_text value IND_LED (at 0 1.65 90) (layer F.Fab)
      (effects (font (size 1 1) (thickness 0.15)))
    )
    (fp_text user %R (at 0 0 90) (layer F.Fab)
      (effects (font (size 0.5 0.5) (thickness 0.08)))
    )
    (fp_line (start 1.68 0.95) (end -1.68 0.95) (layer F.CrtYd) (width 0.05))
    (fp_line (start 1.68 -0.95) (end 1.68 0.95) (layer F.CrtYd) (width 0.05))
    (fp_line (start -1.68 -0.95) (end 1.68 -0.95) (layer F.CrtYd) (width 0.05))
    (fp_line (start -1.68 0.95) (end -1.68 -0.95) (layer F.CrtYd) (width 0.05))
    (fp_line (start -0.258578 0.71) (end 0.258578 0.71) (layer F.SilkS) (width 0.12))
    (fp_line (start -0.258578 -0.71) (end 0.258578 -0.71) (layer F.SilkS) (width 0.12))
    (fp_line (start 1 0.6) (end -1 0.6) (layer F.Fab) (width 0.1))
    (fp_line (start 1 -0.6) (end 1 0.6) (layer F.Fab) (width 0.1))
    (fp_line (start -1 -0.6) (end 1 -0.6) (layer F.Fab) (width 0.1))
    (fp_line (start -1 0.6) (end -1 -0.6) (layer F.Fab) (width 0.1))
    (pad 2 smd roundrect (at 0.9375 0 90) (size 0.975 1.4) (layers F.Cu F.Paste F.Mask) (roundrect_rratio 0.25)
      (net 14 3V3_CPU))
    (pad 1 smd roundrect (at -0.9375 0 90) (size 0.975 1.4) (layers F.Cu F.Paste F.Mask) (roundrect_rratio 0.25)
      (net 7 "Net-(D2-Pad1)"))
    (model ${KISYS3DMOD}/Capacitor_SMD.3dshapes/C_0805_2012Metric.wrl
      (at (xyz 0 0 0))
      (scale (xyz 1 1 1))
      (rotate (xyz 0 0 0))
    )
  )

  (module Whatnick_logo:Whatnick_logo (layer B.Cu) (tedit 0) (tstamp 5CDBE67B)
    (at 147.15 57.85 180)
    (path /59F74376)
    (fp_text reference G1 (at 0 0 180) (layer B.SilkS) hide
      (effects (font (size 1.524 1.524) (thickness 0.3)) (justify mirror))
    )
    (fp_text value LOGO (at 0.75 0 180) (layer B.SilkS) hide
      (effects (font (size 1.524 1.524) (thickness 0.3)) (justify mirror))
    )
    (fp_poly (pts (xy -3.139967 -2.050986) (xy -3.127412 -2.13222) (xy -3.138411 -2.174875) (xy -3.173829 -2.301354)
      (xy -3.231098 -2.511273) (xy -3.299515 -2.765312) (xy -3.319914 -2.841625) (xy -3.412672 -3.143069)
      (xy -3.498898 -3.319439) (xy -3.582272 -3.372245) (xy -3.666477 -3.303001) (xy -3.755194 -3.11322)
      (xy -3.783532 -3.032125) (xy -3.89427 -2.69875) (xy -4.000455 -3.01625) (xy -4.096008 -3.245617)
      (xy -4.18731 -3.348071) (xy -4.275109 -3.32359) (xy -4.360155 -3.172154) (xy -4.414639 -3.00446)
      (xy -4.489523 -2.743171) (xy -4.568487 -2.480099) (xy -4.6081 -2.354063) (xy -4.66191 -2.183617)
      (xy -4.694518 -2.072631) (xy -4.699 -2.052438) (xy -4.644426 -2.037124) (xy -4.538258 -2.032)
      (xy -4.439541 -2.040694) (xy -4.37695 -2.08464) (xy -4.335896 -2.190629) (xy -4.301792 -2.385454)
      (xy -4.286916 -2.493604) (xy -4.253461 -2.661535) (xy -4.212961 -2.75506) (xy -4.19109 -2.762305)
      (xy -4.144699 -2.686966) (xy -4.081852 -2.527402) (xy -4.03218 -2.371611) (xy -3.970187 -2.191931)
      (xy -3.91369 -2.084832) (xy -3.880487 -2.071159) (xy -3.836589 -2.157822) (xy -3.770979 -2.326456)
      (xy -3.710097 -2.503701) (xy -3.58775 -2.880152) (xy -3.49428 -2.456076) (xy -3.439798 -2.229966)
      (xy -3.391181 -2.101957) (xy -3.33276 -2.044989) (xy -3.248868 -2.032) (xy -3.248749 -2.032)
      (xy -3.139967 -2.050986)) (layer B.SilkS) (width 0.01))
    (fp_poly (pts (xy -2.052282 -2.036458) (xy -2.008744 -2.064917) (xy -1.983715 -2.14) (xy -1.972071 -2.284331)
      (xy -1.968692 -2.520534) (xy -1.9685 -2.69875) (xy -1.96951 -2.995433) (xy -1.975953 -3.187741)
      (xy -1.992951 -3.298298) (xy -2.025627 -3.349727) (xy -2.079103 -3.364653) (xy -2.11945 -3.3655)
      (xy -2.210942 -3.355299) (xy -2.249081 -3.302216) (xy -2.247881 -3.172524) (xy -2.238192 -3.07975)
      (xy -2.205984 -2.794) (xy -2.747017 -2.794) (xy -2.714809 -3.07975) (xy -2.70043 -3.255121)
      (xy -2.719058 -3.338645) (xy -2.784705 -3.364046) (xy -2.833551 -3.3655) (xy -2.900719 -3.361041)
      (xy -2.944257 -3.332582) (xy -2.969286 -3.257499) (xy -2.98093 -3.113168) (xy -2.984309 -2.876965)
      (xy -2.9845 -2.69875) (xy -2.983491 -2.402066) (xy -2.977048 -2.209758) (xy -2.96005 -2.099201)
      (xy -2.927374 -2.047772) (xy -2.873898 -2.032846) (xy -2.833551 -2.032) (xy -2.742059 -2.0422)
      (xy -2.70392 -2.095283) (xy -2.70512 -2.224975) (xy -2.714809 -2.31775) (xy -2.747017 -2.6035)
      (xy -2.205984 -2.6035) (xy -2.238192 -2.31775) (xy -2.252571 -2.142378) (xy -2.233943 -2.058854)
      (xy -2.168296 -2.033453) (xy -2.11945 -2.032) (xy -2.052282 -2.036458)) (layer B.SilkS) (width 0.01))
    (fp_poly (pts (xy -1.121452 -2.124131) (xy -1.039022 -2.28314) (xy -0.927622 -2.507192) (xy -0.820307 -2.728692)
      (xy -0.515165 -3.3655) (xy -0.694145 -3.3655) (xy -0.826971 -3.343007) (xy -0.892367 -3.24995)
      (xy -0.912002 -3.171118) (xy -0.949458 -3.044022) (xy -1.021008 -2.994643) (xy -1.170564 -2.995127)
      (xy -1.187306 -2.996493) (xy -1.353572 -3.027228) (xy -1.43515 -3.100291) (xy -1.460504 -3.175)
      (xy -1.533056 -3.305275) (xy -1.676307 -3.35451) (xy -1.795182 -3.353725) (xy -1.829212 -3.32276)
      (xy -1.792393 -3.247108) (xy -1.712901 -3.082866) (xy -1.603214 -2.855841) (xy -1.515815 -2.674749)
      (xy -1.265854 -2.674749) (xy -1.214931 -2.727735) (xy -1.180695 -2.7305) (xy -1.118527 -2.683959)
      (xy -1.126005 -2.598132) (xy -1.163634 -2.513053) (xy -1.211111 -2.545513) (xy -1.214338 -2.550507)
      (xy -1.265854 -2.674749) (xy -1.515815 -2.674749) (xy -1.501091 -2.644242) (xy -1.376648 -2.395871)
      (xy -1.27013 -2.201069) (xy -1.193958 -2.081437) (xy -1.162273 -2.05506) (xy -1.121452 -2.124131)) (layer B.SilkS) (width 0.01))
    (fp_poly (pts (xy 1.202071 -2.4765) (xy 1.354215 -2.675835) (xy 1.478518 -2.828921) (xy 1.555644 -2.912356)
      (xy 1.569262 -2.921) (xy 1.58244 -2.863142) (xy 1.582754 -2.710826) (xy 1.570248 -2.495933)
      (xy 1.568654 -2.4765) (xy 1.551515 -2.244562) (xy 1.553011 -2.111584) (xy 1.579433 -2.050128)
      (xy 1.637074 -2.032753) (xy 1.670569 -2.032) (xy 1.732541 -2.038103) (xy 1.772717 -2.071469)
      (xy 1.795811 -2.154678) (xy 1.806536 -2.310314) (xy 1.809608 -2.560957) (xy 1.80975 -2.69875)
      (xy 1.808291 -2.995908) (xy 1.800947 -3.188594) (xy 1.783262 -3.299328) (xy 1.750784 -3.350628)
      (xy 1.699058 -3.365014) (xy 1.677882 -3.3655) (xy 1.554455 -3.308495) (xy 1.387193 -3.136297)
      (xy 1.265132 -2.977115) (xy 0.98425 -2.588731) (xy 0.965344 -2.977115) (xy 0.949597 -3.193639)
      (xy 0.922213 -3.311483) (xy 0.872776 -3.358959) (xy 0.822469 -3.3655) (xy 0.763357 -3.355179)
      (xy 0.72669 -3.308102) (xy 0.70719 -3.200094) (xy 0.69958 -3.006983) (xy 0.6985 -2.797747)
      (xy 0.687583 -2.478493) (xy 0.656151 -2.265206) (xy 0.606178 -2.16382) (xy 0.539639 -2.180272)
      (xy 0.5074 -2.22347) (xy 0.412588 -2.274591) (xy 0.323999 -2.2693) (xy 0.260547 -2.259458)
      (xy 0.221233 -2.285699) (xy 0.200294 -2.370926) (xy 0.191971 -2.538039) (xy 0.1905 -2.799944)
      (xy 0.189014 -3.068854) (xy 0.180194 -3.235315) (xy 0.157494 -3.323877) (xy 0.114371 -3.359087)
      (xy 0.044279 -3.365495) (xy 0.039722 -3.3655) (xy -0.031129 -3.361138) (xy -0.073732 -3.331867)
      (xy -0.093056 -3.253406) (xy -0.094074 -3.101472) (xy -0.081754 -2.851786) (xy -0.078209 -2.789421)
      (xy -0.045363 -2.213342) (xy -0.272373 -2.25593) (xy -0.420014 -2.276924) (xy -0.474543 -2.253714)
      (xy -0.466278 -2.171994) (xy -0.464536 -2.165258) (xy -0.440113 -2.105101) (xy -0.388676 -2.066379)
      (xy -0.286151 -2.044413) (xy -0.108462 -2.034522) (xy 0.168465 -2.032026) (xy 0.220925 -2.032)
      (xy 0.871537 -2.032) (xy 1.202071 -2.4765)) (layer B.SilkS) (width 0.01))
    (fp_poly (pts (xy 2.238472 -2.03754) (xy 2.279699 -2.06923) (xy 2.303399 -2.14967) (xy 2.314414 -2.301462)
      (xy 2.317589 -2.547207) (xy 2.31775 -2.69875) (xy 2.316562 -2.995539) (xy 2.309772 -3.187932)
      (xy 2.292534 -3.298531) (xy 2.260008 -3.349936) (xy 2.207348 -3.364749) (xy 2.174875 -3.3655)
      (xy 2.111277 -3.359959) (xy 2.07005 -3.328269) (xy 2.04635 -3.247829) (xy 2.035335 -3.096037)
      (xy 2.03216 -2.850292) (xy 2.032 -2.69875) (xy 2.033187 -2.40196) (xy 2.039977 -2.209567)
      (xy 2.057215 -2.098968) (xy 2.089741 -2.047563) (xy 2.142401 -2.03275) (xy 2.174875 -2.032)
      (xy 2.238472 -2.03754)) (layer B.SilkS) (width 0.01))
    (fp_poly (pts (xy 3.390689 -2.055656) (xy 3.516345 -2.126785) (xy 3.556 -2.230503) (xy 3.532733 -2.324778)
      (xy 3.446474 -2.317046) (xy 3.444875 -2.316377) (xy 3.18242 -2.252206) (xy 2.972106 -2.292299)
      (xy 2.829329 -2.428211) (xy 2.769486 -2.651495) (xy 2.7686 -2.68741) (xy 2.81818 -2.931644)
      (xy 2.950982 -3.098107) (xy 3.143094 -3.171833) (xy 3.370606 -3.137857) (xy 3.438239 -3.106555)
      (xy 3.531422 -3.071041) (xy 3.551684 -3.127873) (xy 3.545189 -3.18593) (xy 3.517647 -3.274046)
      (xy 3.444879 -3.322134) (xy 3.293484 -3.345955) (xy 3.191292 -3.352928) (xy 2.978002 -3.355098)
      (xy 2.839176 -3.321319) (xy 2.72415 -3.237372) (xy 2.70175 -3.215522) (xy 2.531912 -2.970243)
      (xy 2.485511 -2.704765) (xy 2.562942 -2.430361) (xy 2.668371 -2.266928) (xy 2.81682 -2.142413)
      (xy 3.008384 -2.064805) (xy 3.210521 -2.035441) (xy 3.390689 -2.055656)) (layer B.SilkS) (width 0.01))
    (fp_poly (pts (xy 3.948594 -2.040658) (xy 3.988726 -2.08972) (xy 3.983589 -2.213813) (xy 3.97096 -2.301875)
      (xy 3.930257 -2.57175) (xy 4.12242 -2.3495) (xy 4.23744 -2.20739) (xy 4.307026 -2.103938)
      (xy 4.316291 -2.079625) (xy 4.372937 -2.046504) (xy 4.507537 -2.032024) (xy 4.513896 -2.032)
      (xy 4.709793 -2.032) (xy 4.450213 -2.326898) (xy 4.305658 -2.511371) (xy 4.239163 -2.643231)
      (xy 4.242956 -2.692023) (xy 4.308908 -2.777057) (xy 4.426056 -2.925263) (xy 4.536539 -3.063875)
      (xy 4.777798 -3.3655) (xy 4.584828 -3.3655) (xy 4.431511 -3.336585) (xy 4.312088 -3.229291)
      (xy 4.258911 -3.150388) (xy 4.145143 -2.987088) (xy 4.036622 -2.862645) (xy 4.020983 -2.848763)
      (xy 3.959909 -2.808698) (xy 3.936316 -2.838415) (xy 3.943625 -2.960039) (xy 3.957035 -3.063875)
      (xy 3.977427 -3.245072) (xy 3.965245 -3.333769) (xy 3.90777 -3.362902) (xy 3.840535 -3.3655)
      (xy 3.683 -3.3655) (xy 3.683 -2.032) (xy 3.847331 -2.032) (xy 3.948594 -2.040658)) (layer B.SilkS) (width 0.01))
    (fp_poly (pts (xy -0.382034 2.393553) (xy -0.334221 2.279067) (xy -0.31821 2.056023) (xy -0.3175 1.964221)
      (xy -0.319576 1.731499) (xy -0.331622 1.600969) (xy -0.362369 1.547828) (xy -0.420545 1.547276)
      (xy -0.460375 1.558286) (xy -0.615577 1.629721) (xy -0.693099 1.686432) (xy -0.772474 1.732903)
      (xy -0.869612 1.704681) (xy -0.96269 1.643745) (xy -1.142433 1.515757) (xy -0.759327 1.012489)
      (xy -0.505609 0.70693) (xy -0.286868 0.517166) (xy -0.086733 0.443246) (xy 0.111162 0.485224)
      (xy 0.323188 0.64315) (xy 0.565712 0.917074) (xy 0.643072 1.016882) (xy 0.810044 1.239438)
      (xy 0.909201 1.38536) (xy 0.950371 1.47852) (xy 0.943379 1.542786) (xy 0.898051 1.602029)
      (xy 0.888192 1.612333) (xy 0.807454 1.683478) (xy 0.725837 1.699102) (xy 0.595997 1.661169)
      (xy 0.511255 1.627962) (xy 0.346296 1.567989) (xy 0.260857 1.560666) (xy 0.219376 1.604923)
      (xy 0.213557 1.619005) (xy 0.126876 1.699526) (xy 0.056706 1.7145) (xy -0.042459 1.756079)
      (xy -0.0635 1.80975) (xy -0.010561 1.887322) (xy 0.0635 1.905) (xy 0.166685 1.931593)
      (xy 0.1905 1.9685) (xy 0.137315 2.020093) (xy 0.0635 2.032) (xy -0.039929 2.071705)
      (xy -0.0635 2.12725) (xy -0.010561 2.204822) (xy 0.0635 2.2225) (xy 0.169154 2.265106)
      (xy 0.1905 2.324634) (xy 0.235011 2.392248) (xy 0.350028 2.388112) (xy 0.507777 2.320912)
      (xy 0.680484 2.199334) (xy 0.727914 2.156565) (xy 0.891857 2.005178) (xy 1.092862 1.825906)
      (xy 1.195223 1.736879) (xy 1.500228 1.39942) (xy 1.699143 1.017287) (xy 1.796153 0.608798)
      (xy 1.795445 0.192272) (xy 1.701205 -0.213975) (xy 1.517621 -0.591624) (xy 1.248878 -0.922357)
      (xy 0.899163 -1.187858) (xy 0.486083 -1.365875) (xy 0.007182 -1.449995) (xy -0.457288 -1.410635)
      (xy -0.620917 -1.367172) (xy -1.031295 -1.174308) (xy -1.394305 -0.873384) (xy -1.691924 -0.479904)
      (xy -1.730424 -0.41275) (xy -1.805062 -0.249573) (xy -1.848605 -0.068742) (xy -1.868338 0.170626)
      (xy -1.871858 0.381) (xy -1.854427 0.620077) (xy -1.578965 0.620077) (xy -1.574046 0.227366)
      (xy -1.481271 -0.158645) (xy -1.309082 -0.504094) (xy -1.06592 -0.775116) (xy -1.044424 -0.791981)
